-1723.05882
-4697.21109
-2300.96501
-3651.86336
-226.22699
-1470.74346
-3336.63162
-252.42375
-1957.19176
-5555.03031
-6103.63838
-230.42183
-5711.44407
-1868.23712
-1171.06695
-120.58558
-521.73152
-9611.00070
-3127.43987
-5026.27922
-1289.50799
-3326.47056
-3700.74703
-7542.90595
-1792.30291
-2298.94865
-820.82494
-143.37839
-19.16523
-235.93657
-25.96845
-20.38806
-20.10361
-110.84175
-128.38340
-14.07813
-112.54224
-13.00482
-20.38512
-21.17109
-12.24633
-105.59450
-12.47926
-13.55327
-13.52753
